15535 -69369 -98037 -76239 52627 -90845 76046 81688 -77997 -74200 
-7035 -37922 -95432 -91923 -95848 -9275 69952 63389 26942 61432 
21516 -61058 -76070 -52004 87016 -70008 -96168 31880 27598 -34510 
-83076 74917 41843 22132 -82025 57670 76980 -76688 35015 51782 
-87951 -29330 45865 -83465 68986 -20721 26100 -6877 -30151 -34687 
71830 -47563 18852 38978 74433 -94941 33195 -81496 -98485 -12573 
-62312 86125 23948 72321 -1081 -56193 -85799 -80016 54017 30175 
-57008 -80255 46100 -43615 -62187 -92889 -9238 -70932 38853 -62978 
75768 -19944 19050 -89622 9117 -27443 73640 -89461 -53511 -28784 
-59481 -21286 -59486 21766 -89236 47614 1235 -8357 29985 -10424 
52793 22714 24763 -88118 23427 55953 -55444 15237 92294 36108 
14785 -22490 -27900 -67527 -51341 9137 14310 -68683 38883 -72975 
27192 -1219 72069 -33029 68045 -49823 -9469 -71648 84197 83535 
-58799 52152 -29397 -59408 88777 -15200 17092 88923 -81448 -79424 
3610 -43862 -87487 -24992 -90040 -42488 32832 -77019 83340 -16905 
-19883 20804 -82639 53348 -32517 -80864 80573 11753 -47074 -73447 
3978 -48987 84774 20473 31207 -38049 -5300 -46240 35013 84134 
10408 -54207 53226 -46717 -20891 -84190 -7598 40074 -59877 30963 
43925 23846 -12508 -63634 -65677 -87399 63710 -56726 -62008 43147 
-81716 87118 -14729 -55168 -99553 75175 76867 -84056 67321 -77031 
98681 -61131 -43106 -89538 13448 2613 93128 -14958 -45705 76871 
-71 -26588 40899 65634 -20169 10634 -16389 79639 51453 -60307 
39628 -75655 -31760 -27119 7546 4875 48096 -27454 37835 -70185 
83935 -1605 -28114 -43932 -22027 87757 54012 4422 -86238 -8374 
15488 -39053 28581 -56663 -244 -19282 -99359 -80778 25883 3544 
-21771 12436 78990 25721 -51352 4991 64733 25294 -58794 -26270 
55058 -3132 71763 57415 -9172 -45981 -55703 36017 48904 19909 
75193 24368 72973 -92583 90198 22655 73200 -72813 -92946 -3890 
24732 -82911 -63296 54145 -13027 -8542 97546 97381 -24070 -21719 
78659 79845 52847 -13339 47548 -22987 47463 -48996 33473 96494 
-26853 -80999 39993 81819 57864 -46523 -10967 33764 -12383 -15836 
20069 -29876 -77730 99143 38220 54463 52707 43719 -68644 -35709 
-32590 -2516 -64065 -92561 3426 -90208 74230 -88447 -45289 74745 
-59418 -17947 35175 -6827 13916 35078 -81913 99119 -20004 -31470 
82997 27289 51994 -42434 -8841 32219 -78276 71217 -95241 78979 
53367 -13207 47896 -39811 -57393 25299 30918 79554 77148 -63316 
39542 63218 62493 -82113 -61850 39302 -36225 80527 -56943 32758 
97771 32383 81232 3062 -14410 -66204 85657 47252 48418 40268 
59952 57076 17004 -89282 -2561 -81994 -3242 99989 77175 7058 
-88302 58346 60420 -81414 -17646 -40252 63382 -48046 -9250 36645 
80630 -442 54608 29180 -86252 -92178 17460 -78982 -23149 11777 
-10792 -61231 27441 77449 97943 70600 -36554 81683 -92188 93367 
-6518 55040 -2637 8790 -54374 -80428 67621 -95332 -44355 -48502 
58637 62639 43544 91534 -62919 31558 -65266 76754 -33225 70720 
94830 -87022 57253 22695 -5222 56699 91109 -2537 -24396 3980 
7007 -3566 -38614 -25219 -97708 -18015 52839 -30270 -68419 42664 
57261 -90719 -42706 39981 49707 55599 -3163 40822 -51792 -15528 
-23212 -4880 -28462 86684 82157 68475 -53781 19765 -55645 -99154 
42490 82365 7114 -37341 -49742 16322 -28329 90561 -54323 -7238 
94451 53710 7324 38968 27444 97856 56963 53932 26119 25880 
34829 16726 89846 91472 92944 -2213 62064 -73109 87044 76947 
38694 5259 52060 -66697 -72188 23039 27953 -74635 43223 46202 
-65440 -32918 -37355 83108 -81424 -12102 2808 -23038 86516 36889 
-6945 6294 43667 -50627 58735 23974 77142 76893 22076 -16234 
15757 37591 -71715 41340 21425 -77490 -80063 -48238 -53914 59306 
-11948 -54741 -974 -28830 82167 -47678 -30644 -92298 -58541 73468 
-17153 57843 -73852 -88140 -85402 78165 -31751 11147 -15280 -10883 
-19280 55284 13701 87373 51189 78325 -56416 -1500 3431 -97680 
-24216 56395 55800 -25630 84502 -17000 59745 -34768 -59084 -49066 
59931 18737 59069 16661 9446 31554 -11816 37128 -29547 14050 
2702 -31932 79715 50587 29381 -17387 -35070 -24974 -58633 -57032 
7700 -58679 -90972 -39037 51075 42912 -7241 64672 42567 -45928 
12747 16462 -93655 44147 6002 -81864 88272 88073 -83464 -81437 
-35933 69465 -89 87097 27258 -463 -37744 81532 -20643 34520 
-14207 36145 35888 18476 72869 78853 -83159 -20639 -93154 31351 
-52661 -62565 -61500 -1579 12267 -53584 38290 -64100 -20995 -75416 
28055 41727 -11958 57571 -64990 -30001 12973 94711 23732 -26922 
-17302 -56089 -82717 15145 -39633 15966 -34530 97643 -82485 -30100 
-59061 65037 47164 -28124 -62023 3302 -42888 -47287 46915 36946 
-61681 -44411 -10186 89887 77814 62033 8309 78151 -99515 35904 
-9224 -49850 68068 -41373 45060 -95652 -95372 -4797 15413 -38028 
78912 -97098 8620 10716 30230 10551 -13060 69996 52803 35931 
-34645 98455 53841 51042 88730 47750 27095 -19922 22908 54875 
-95527 -94708 -23433 83030 48577 -67648 18572 49941 99030 -35807 
3605 9880 -45113 -88964 13066 2664 -70765 8165 -53342 -54360 
59797 -81033 88991 -3409 -55293 96014 98697 -39821 -83415 34387 
-404 -91341 -66705 -29684 76905 31543 -92459 -9539 33277 -84287 
-27998 91366 35717 -95365 -88156 7888 26151 -92026 85470 97701 
-24413 -52136 -39524 63223 28444 51020 -83804 -22772 -36196 16821 
20316 -54108 -30965 -57734 9427 68744 94392 -18285 36901 -97501 
-23420 71571 -14523 64741 55910 -46235 -51362 83634 -91479 71053 
-19430 64872 93636 58886 30994 -95269 11355 -57420 13967 69547 
-11120 62438 -24811 -75348 -79037 51250 92432 9835 49383 -12075 
38273 85629 57701 -90036 72596 7037 15925 37448 -52112 6391 
-72044 45610 35674 -13175 70859 54046 35829 40530 -50162 71791 
35715 -73725 3912 -76465 -16654 82370 34446 -67127 67135 -81004 
68185 68894 -13401 90345 60928 26334 -31297 -79987 -83292 57999 
18137 60237 -97245 -7476 -90474 55367 59957 -43300 -71711 74111 
16894 83745 44580 -53050 50312 -89123 -30049 31663 76539 97724 
51926 4872 -18623 51562 62797 -91536 73650 50161 68782 -11551 
42217 -10156 93693 -44290 -76963 35947 -36092 -74200 -21418 -95591 
-82095 -77946 -92681 -21985 46165 60141 -9444 62275 78409 65157 
13030 59826 -95269 2465 19462 -77044 -42827 -79368 -8662 69793 
-12265 -7522 1778 -6924 82308 -75088 -91811 -66118 -64965 18270 
-6068 84935 95206 -66989 -74722 -83821 -30206 49077 -58442 -91715 
62151 -10944 46860 60910 29430 56828 -78448 31894 96860 14135 
76725 -5610 -95300 10224 -17459 -49674 42006 -56498 63709 50597 
-39901 85763 10988 -55114 63844 13387 83765 30955 71751 -63392 
-556 31302 74650 24798 87835 50920 1077 -19999 49414 -27421 
-31909 -62537 -6211 -65544 82372 73838 -31521 61649 -18347 -34757 
-22592 -56043 -59373 58192 65839 52280 94022 19395 -84650 -31477 
9978 -3347 -86950 -8830 67117 84503 -97701 32877 -90184 -48285 
60916 -19646 -50322 24752 77731 1669 70966 77298 78003 -26009 
-17104 47086 780 8962 -28482 16809 70266 36051 -85265 58263 
65604 61554 -12309 -32640 -48888 -17344 -75152 5639 63205 -4293 
-4422 11956 -22281 1920 7106 76896 -26126 -32646 86889 59269 
-55566 19090 48988 -5904 -47334 33281 80347 -52010 -83691 -1154 
48894 19074 53579 65774 -65233 -37860 -1552 -20186 -2477 7753 
59679 -33394 -41449 -14408 45555 15868 -17745 73691 -67530 63945 
95465 -56538 88841 46835 -34225 -53788 6013 17841 -31737 99121 
-27462 18136 -76173 -56985 37042 19457 28519 74410 81210 -87458 
-84795 67647 -21102 96911 -44454 -651 -65228 7793 62269 51849 
-81339 -50368 -59971 -24096 -2249 -23588 -52638 51887 41196 14229 
23106 -86281 -36633 50943 51704 25165 2489 -74839 -58338 59277 
-85813 -69885 -74453 -61577 -66011 -67479 23518 -2907 -72391 47412 
-94489 -78691 -45997 -64644 -17791 -724 -32792 60681 91155 11094 
79817 -22775 66202 -5722 17729 -39603 -83273 -17773 -87414 -46242 
81835 -21176 65340 94485 5279 38560 -1712 74231 37810 29455 
92040 -20019 -32689 79478 -56408 -51482 -16819 59526 -94533 -89656 
-10123 34512 -13864 60215 -5367 19189 99278 -67754 14645 -78762 
98661 73408 -22716 66523 9428 36174 -72283 86279 -15148 -64244 
3106 -29647 26321 -88766 -1278 -98244 6553 -92817 64116 -41817 
81561 69733 38867 47891 45617 -83358 52717 -83427 36076 -2391 
-4598 88000 28283 -89288 70160 -84302 -99937 79073 -94929 62347 
40639 76564 -42295 54498 98854 -68445 895 -27154 32722 45585 
99725 -39182 -33132 -21842 72796 66656 -83446 -80164 95218 60341 
-23683 -12731 75927 -10371 11186 24562 67323 -90183 19622 9263 
41686 -14626 95413 -44491 -45454 90265 -47611 -28565 -96789 71327 
7835 39095 67947 -91986 22877 -97975 -28575 13554 92304 -96106 
53420 -85792 56366 58178 6756 10663 -56015 -76843 17203 -38327 
52461 -89828 -40599 64492 -75019 -31205 -97765 -45009 67035 58925 
4783 608 43476 -93215 -50583 69775 -62547 92025 -74556 -11371 
-73334 40269 -78899 -75821 -69504 18502 -91705 -47087 5713 69017 
4090 97784 97414 -47430 92511 -13736 73607 54133 -11491 -84841 
-83871 9626 42614 7298 16280 73603 -41187 16553 51633 76152 
18527 34005 88485 -4858 32634 65951 50261 73729 -14312 80464 
48412 -24922 27809 -70863 34150 -29627 28534 -5770 22658 -14891 
-72357 -62060 -51379 -72085 -28118 7595 -23659 19384 31856 51810 
54377 -29582 -28633 -76617 46326 51661 44555 -87783 25416 96172 
-15445 16469 39156 -73487 41412 -85617 -35207 -91800 -45280 -76364 
-74839 4514 4188 -3987 88011 -13380 -75007 -28667 84414 87046 
-48428 55777 42369 -63312 70529 -8570 -4712 -26882 34728 70688 
26543 -89325 38219 22220 -89174 11482 -92867 -48613 -70838 70819 
-21868 -52882 -30878 36295 87746 12482 56781 -58156 -23700 29151 
-81613 31975 -79810 -48689 -10277 19584 -74806 20896 54483 -70322 
28100 75313 30494 2530 81422 -26254 -23705 -80779 9983 -41202 
-90974 36170 37260 33975 -19268 69215 -60171 30400 -32222 30607 
80720 39151 -14889 -36530 -35031 16964 38723 41672 -73034 4621 
-69043 -78148 85733 -46796 -84045 72422 51714 83227 1551 -20303 
-35688 4216 97173 -51659 89444 -50243 -48955 -64624 -35296 -67726 
81303 -96341 99554 -20917 -27568 36989 -46173 -65915 -83850 49033 
63230 -22488 2008 -17303 91402 17850 65485 -37641 -55719 99434 
-61691 42920 14143 29325 -64896 65198 -16643 -55680 -63702 29443 
18576 -13253 -9853 -54366 -40174 -45148 -70729 -31908 37735 -5414 
77168 26207 67109 -25441 -45600 60759 39951 2546 -78862 -5094 
3679 72784 4202 1889 -40963 -49512 -5963 -32983 -56886 -64307 
52672 -64145 14087 -34243 43105 19794 -28413 14183 -35006 3135 
2722 -79486 -81706 -17581 -19362 89278 58089 71047 -85681 -87929 
-75360 83057 -94103 -82173 26892 88169 -32090 -39647 -32921 -51166 
-74537 82575 63762 -79939 -70906 96952 97806 97539 -10704 52940 
-91982 -3851 -20252 -63265 22131 17016 49291 -74200 11338 15671 
-70982 25065 -56802 17101 93652 35637 83623 -63614 -8226 37115 
47225 -94008 -45903 82196 31240 -38063 60999 -93439 -66533 -9340 
-6755 -57396 -99601 -38381 -88077 -61022 72092 82260 99044 -43785 
98464 -78760 -18162 -11327 92930 66952 2775 -5478 -82880 -32884 
-28025 79731 64064 -6337 1978 -65596 -78352 -91669 -35687 -34517 
39663 -90351 59746 -60092 -74889 12077 69041 22430 36960 86506 
-6991 51753 -12110 47708 4081 54608 -86912 14346 -21038 -17993 
79799 60508 92141 88133 89953 52556 -53269 -78940 46702 93029 
-6151 56481 17342 -75623 -26228 37307 11997 17300 59200 39816 
78186 -35057 94110 -69165 37401 -43865 2705 18622 57422 73378 
-28162 -30814 -70588 -20852 7737 -2485 -74159 -33702 18812 -2492 
-20427 93435 -75375 16637 89669 -70067 61134 -24663 58886 67783 
77337 62392 -6143 30974 -55500 99050 -50408 56137 46018 -85914 
-515 83565 -7009 -11510 -89255 -7661 52326 90065 -27908 66815 
85252 21341 -40769 18948 -94739 84424 -91247 30854 -72833 54651 
-16050 -68315 78515 -44627 -32085 -9772 46086 12361 -50210 -91649 
81766 42027 -19237 96480 55952 -34340 -3158 36901 4415 17223 
-16357 -37254 -52294 10239 -96085 -30246 24993 -25378 35588 -19394 
50875 53150 -10247 31871 96790 70793 -26321 42104 -5016 32580 
89843 6418 -51889 -21319 53857 80759 39055 -57811 83308 -74369 
-63841 -92907 -81733 -9906 -17359 55204 35833 39058 -92243 -72494 
-22949 61537 29136 43080 66634 -13290 25299 11301 -38221 -84021 
-66380 7856 5620 42066 8545 83536 -31777 72971 58052 -13740 
38732 -70731 11609 -51505 -94901 -24854 6078 -97454 83381 44127 
62361 89270 26212 -79837 -28198 -55874 31058 -27204 81328 67791 
-54885 -86903 71944 69417 88359 -116 3070 70975 -83750 -87805 
66118 -10530 -16312 -86151 -22376 90495 -7431 -42515 -69489 4214 
53937 31252 62677 -63105 56030 6825 68268 -48225 10825 60713 
27585 -30468 -88990 20163 20205 53919 -54185 -91055 4400 -81426 
80683 15539 -61740 -80847 72851 -32775 -41115 70903 3901 53515 
-37376 14448 -15157 -92103 41408 -45088 -65878 -47632 -12346 39252 
-22667 74121 -9005 73957 -1976 -36674 46785 63662 99638 43487 
35741 -58821 80178 -32679 -87168 49057 -14366 -74282 -27953 50018 
73627 -63278 -73788 -92104 -87861 -9068 -40645 -63872 -92713 -93768 
7021 77547 28717 -13668 70614 -9505 -59344 29404 -60222 80394 
21429 -34116 -8557 41294 -7655 30535 85369 79390 -26806 -67977 
21224 72603 -30117 -95529 -42563 21621 34964 15305 -30522 -83829 
-19872 45416 -31121 94177 62473 -38327 26571 -1285 -27671 -18540 
45131 31256 -87944 53113 33915 -58927 58374 -84357 93505 -76484 
-72130 -16811 42149 -89039 88406 219 54137 82521 -9028 -30952 
31037 65871 87546 -32707 -46145 37736 48848 2333 41506 -83726 
30651 -5681 41739 72080 32346 38056 -68365 -57139 77712 86659 
10399 -13812 -63623 -79585 46559 75042 66116 -81459 -75368 57358 
44007 46476 77160 18057 -9438 30586 96955 -63281 40376 -46855 
-97034 -24716 -32323 -39542 -58804 -64103 -64173 70284 33228 -83237 
44427 92481 -95412 30272 13571 82588 -35252 -57160 -34111 11049 
8490 -81089 36077 -60514 -7319 76188 33185 -10812 -30829 39549 
-59329 -5322 12307 -87108 79973 -23420 31683 39647 -76007 37018 
-92719 73067 44736 -61527 76740 12503 -47987 -21029 -450 -63115 
60627 -71646 17355 62819 -41348 30351 -68210 10164 -72408 -27052 
51496 99842 93365 63388 -64371 -68710 77027 -63532 31866 38386 
-33660 2220 74977 -11950 34438 -48743 196 -90914 -76078 -89520 
68296 -75461 21844 1388 14666 -27411 9935 -30206 52054 -22126 
-53345 -57577 -23739 -18474 -43463 37996 34305 -34976 60475 -10065 
-72928 -70310 50928 -33475 21181 -14634 3456 -20055 11371 -85873 
-11267 -23208 92630 -30910 -61586 69429 -52437 -89625 85157 67842 
-86480 54302 -90672 -94904 -30180 -9841 27976 -51221 -32519 -7469 
-3019 -73828 -72006 -91056 48062 96609 74514 17579 -15719 -22278 
13598 51692 88345 58846 53454 -44020 59794 76291 -95819 -64980 
-63702 31210 13603 -27767 -99942 32485 55470 33457 -45503 -71775 
71104 -12256 13900 67971 -36330 40236 86729 67297 72009 8469 
20782 23364 -87700 -83182 82290 67940 65608 -71773 -70373 -12326 
85952 46689 -31173 61233 -28210 20692 92038 88841 -80472 40536 
-21162 71143 70493 89542 78957 -82395 -31187 -60989 -6743 31696 
87045 -93298 -2596 -82883 -88492 -94813 21569 37714 32971 -20850 
-96705 -88479 -67275 98812 27691 -2502 84552 -45113 -51819 -18079 
72211 -61044 -88882 -84566 25900 -75204 41487 -40315 -67244 -27179 
-24164 -55860 -25626 -95223 -95057 19759 83298 -81488 -66243 -43957 
81247 -81439 27964 -93526 28206 71640 21392 6890 -12721 -47344 
49664 92335 69463 -55355 -48429 72934 -14334 52935 68444 -77630 
-60111 -20993 86382 -6688 24227 9282 37143 -21632 -23834 4437 
-79155 -60127 -22048 49133 49085 -25688 68306 52420 7608 -50061 
74345 88466 -34846 9522 52931 -44647 -28525 37878 -10610 -2800 
78137 -37728 -61000 -11590 -27880 -48427 31917 -46764 -25278 49762 
-82201 62051 49610 28623 -94971 -80891 69750 -35197 12236 -95532 
59234 -16742 -8641 -63866 10167 94729 40007 50912 65358 -72682 
76136 78309 96179 -23323 -77710 -3801 -85805 -60445 49814 -18422 
-15479 -66814 -43575 80493 -35431 -2229 20035 -16904 -2039 5496 
-41128 88125 -86962 2780 52367 36550 59903 -72299 -67900 82391 
14969 -60992 -95235 37118 15390 34806 84396 -57381 -27894 16956 
-27299 32290 66918 -22377 91461 -97571 -49790 -3753 -1934 -72669 
39839 81480 46204 2740 -604 -86480 -35744 16386 33074 -99743 
-96909 -46771 53877 1084 -38774 9977 -71294 -78523 -84369 95600 
-73280 87256 -18644 47258 -85780 -49867 38416 21112 41617 55679 
8922 84152 -54944 -64681 -72621 -3446 -38451 -13878 -59478 -68617 
43745 -28739 -60369 -39234 85563 72335 -278 47938 -94322 -37099 
-73013 -42638 67773 -98918 23235 48645 -55316 45960 94249 19183 
55505 -19180 79325 -22314 48501 52376 61397 -38578 -29492 -16931 
49220 -98543 -77858 10128 66393 -29550 13314 98960 -25545 56744 
67761 -80446 -31780 30679 83404 98482 -56850 40469 18452 -65678 
36281 -23128 -13144 -13769 -23792 81616 -15201 -62425 -48484 -22421 
-46463 15201 81058 41172 -84905 -99825 27421 263 76453 -5268 
56068 5245 70322 62378 85925 24905 -17290 -52177 19872 64490 
-35776 6112 32891 -48106 -97246 -59511 -7869 21977 -79364 89858 
8200 68293 42445 -64300 877 39220 -76809 -56508 -48779 10392 
78182 -52351 99749 -86828 66930 -16054 81499 -87948 15961 14508 
-19270 81852 -56455 26706 -35679 65188 -76017 -62547 38086 -2060 
-40507 95059 39302 53957 89519 67107 73370 -1120 -65837 -17805 
-73070 27394 83835 -45630 80197 -19007 42478 68851 -8824 63998 
-54430 54928 -88490 59160 68268 -88099 -71532 -67698 -53267 -3622 
-42324 70448 -5138 -54125 45653 -10625 -80080 38981 43736 -63983 
-12408 31544 -67055 80470 46101 -19312 -87385 21501 39076 56860 
53813 -15647 -3847 93320 -93906 -31417 6728 -88132 -28384 51738 
-20746 44624 -66599 54460 75843 23637 -64419 -95852 -74398 55517 
89511 -70247 98890 65371 -30698 -36028 8849 -28745 46855 66582 
66536 -73507 82492 -45017 -94491 -65688 -92700 13827 -43666 70602 
-19029 -89427 36575 -46567 8688 -59790 -79545 -75597 -64636 -90139 
420 5764 12441 12166 -34652 8344 45289 94163 95044 16012 
47966 -65287 -61866 -44767 -32225 -24439 67295 -75170 90806 -92295 
98856 -89036 -87360 50510 -59912 3590 84136 -30817 -83208 -29858 
77983 -21950 -32560 -45300 66088 77152 -97571 92096 36115 -75021 
-42190 -78909 74595 -84211 16921 975 74987 -84887 -88980 -13088 
55691 -80206 -56161 55799 -13163 -68780 3255 65401 58299 -54343 
-47966 -16531 -44276 61364 -95342 -72623 72826 6686 76887 -47982 
-12860 70413 -89465 -96899 -55030 55440 -66885 29647 28197 77026 
-874 -85781 -36636 32883 -3133 -5162 -33087 -68771 16230 -24867 
84565 31996 -76504 12356 -36106 11678 -52186 -20273 -9364 46904 
24405 7116 96340 58273 -35264 -68625 6889 73149 -5579 -14138 
35041 -24719 7000 -81903 3356 90214 -25203 -89355 69002 -13539 
-56334 -27189 42728 83090 63385 -29878 -41475 -81446 -75231 47552 
18317 77871 -37674 -90507 65981 15138 85302 -96553 17047 42642 
-87473 -70930 19757 73983 62346 51119 4848 33106 51104 -36677 
-87572 75779 -52402 -60070 29012 -73610 -21202 36816 -31225 -52554 
-1106 -7121 95158 70612 67167 80004 39284 -27575 24908 93692 
55099 16154 37565 -1638 -64966 14538 31278 14980 -81004 -98039 
99898 22815 40660 -91279 -17046 -59372 -69399 62365 -55705 -19794 
9986 22062 -17321 -34825 -74972 33415 39860 9611 55176 48323 
2223 -32975 92820 -16670 18473 48404 -84004 -37045 -8908 77898 
26724 -86150 -15246 -58985 -87596 69590 -61089 -66887 36131 61876 
-52930 -41713 -84526 70368 3099 48076 16714 23586 49826 46539 
17613 67022 85265 -95948 -72078 -87867 92599 84201 -60536 -6388 
81135 65823 79485 93577 -52602 45735 -60972 -83245 29628 -4296 
12669 -55937 -71381 10665 51535 62086 -43255 -73154 -43622 -91168 
-18516 10016 -54126 -18165 -5885 73711 -53376 -87832 770 -32815 
71942 -44494 -49889 99228 69756 -4788 50904 288 -1997 -66519 
-30995 70490 43102 45737 -83397 -56272 -40354 85905 54062 91092 
-14593 19716 57539 92813 -92818 47329 52577 -6428 -37711 54416 
76643 77920 33560 16578 61150 -9054 83622 57865 -49537 55845 
53661 -31855 24594 -53426 70093 8410 -50688 -65037 20814 -67861 
59057 -17082 -52653 -5795 -79621 47102 7549 83565 -95067 -51793 
-19744 -86994 41131 18951 8685 -46078 61351 -82162 69812 82276 
88018 62220 -47597 -89107 81863 40163 11221 62738 96878 46393 
-60256 -97164 15870 30471 49476 26181 -75370 -82064 3611 53150 
-14675 39378 58657 75857 60534 86975 75222 18306 -21684 -7615 
30435 -93392 25985 -90127 -78612 69237 54371 -5411 83320 -70155 
-79254 -890 84838 42505 93361 5355 41387 13752 -13923 -5823 
5013 34359 45024 51959 47194 35224 95103 55573 7203 21794 
84890 -585 -57895 16240 -77804 75521 -74267 -69204 -89116 -24803 
31592 -48805 53934 88142 -10394 -53281 25249 -23765 53273 -26522 
-57704 -2209 -35209 95616 -79285 28804 89350 66648 -75846 -20908 
-59130 56422 59775 35422 -35630 536 -24749 -76790 53394 -25946 
41032 73802 35611 46117 -10579 -35413 29416 59564 41699 -506 
-84757 -40527 -90986 -70606 63612 74951 -59740 -65654 50252 -70365 
59900 20962 78353 -562 77392 39534 -10328 -73373 -26276 44710 
-32412 -6517 -26662 -16832 72391 93686 -11577 -29536 19374 3053 
-24005 37739 74445 8386 70444 -64959 42536 12106 46438 -21795 
53016 44398 23543 60238 35302 -462 -63259 23979 -48634 12070 
-46244 39516 -44989 37903 -17873 -97718 -93542 -4993 50468 23926 
98108 -30752 58550 61076 72773 -26172 40268 -3073 20497 28844 
-35490 -71585 -55763 -39776 23460 -61968 -64061 -91956 69511 5846 
48678 -27785 98418 13206 -27523 -75979 45687 -26585 -40491 -74691 
-92254 92391 -49146 -42891 -75305 -65462 10899 8674 -43986 -2681 
49926 55374 43255 68374 52711 -8703 7188 74708 17653 52537 
-87064 70448 12359 -99557 -55275 -8183 77095 62917 81933 -23965 
69042 -91403 -93094 -17921 41575 -74885 68746 -56629 35901 -95422 
-86476 16631 90752 77635 53234 -32494 -10307 -80452 15845 -79769 
-29260 -66144 -57373 -59084 8642 -71157 -81154 87362 32009 -60615 
85594 -28096 -76407 91697 -87495 30178 22942 18539 -64599 -11921 
85118 54143 -82284 -98676 -21664 -65393 53246 5640 -1979 -20228 
12528 -34763 44273 -80623 -34766 81197 -80622 -94371 52400 -56967 
78509 40466 42821 -38766 98912 91363 71203 -38812 38137 78489 
-33705 -75619 -60439 -47149 37387 27670 -23174 -49454 54310 33641 
-74800 -83956 74011 -14467 58766 43550 122 48364 -88533 54372 
98551 -62700 -5461 71367 62198 -82893 -26777 -56988 -20975 16694 
86343 -4305 23610 -10059 88191 -33064 -3001 29667 -8248 84231 
40844 53782 -92792 67094 -21790 -72923 43920 -46395 22391 51634 
-50608 23993 96666 -66005 -77087 -6373 -34326 -85552 -21082 -50303 
89146 61635 71920 -6288 77996 -48854 69498 -89507 44905 29470 
92556 64983 47919 -64306 3546 83915 21625 -24054 -38861 29484 
69466 2725 53035 27682 71499 -92914 5318 9695 -71499 39551 
-33217 51652 -85855 -58717 -74688 10032 -14768 -12870 36352 59288 
13600 75089 -97014 93189 58665 23595 68149 -50695 44413 53021 
11815 49443 -88936 38119 6922 88623 -60193 45728 -10754 -26936 
-35822 -20517 14483 -94624 6186 -35171 26537 65099 -97298 -53423 
20058 37649 -50181 -88190 72911 -46050 -6301 20643 83655 66189 
18310 70099 47025 -18642 -41435 13080 93907 -87293 -34475 -60262 
-524 -10117 -35264 59623 77008 -14838 52662 79310 -15681 196 
4044 -52732 76749 -65441 85545 -17055 62260 -77598 20434 41846 
12029 43401 -80221 -32037 -31743 -80299 17533 88646 -40552 -94007 
-17927 -25107 24281 34064 44391 6652 -77732 90390 50651 -242 
-94524 -86965 40154 -62347 -3320 97171 6335 -78113 -12231 87298 
60645 17571 9191 -68980 -40475 40889 -86148 26570 -59164 -6875 
4308 9974 -32792 88214 39307 79511 -39690 -72288 46857 63840 
73230 -15888 -4301 -47313 -1647 48040 99559 3922 -19401 25239 
26795 -97851 -54838 -86650 -44341 51758 -21717 720 50404 76219 
95513 -77421 -42446 28236 -69657 -83231 -43009 -99500 9418 52797 
54622 65654 -88725 17678 61599 60131 33409 29852 97599 94299 
72474 -21300 -25113 62164 -70653 -91280 -72000 -86081 -63843 39473 
38180 86881 -10269 40800 -48868 56499 29087 -42279 -59493 54786 
13513 94804 23602 -13049 96676 31788 47136 63247 -52739 -66802 
-66516 75513 -92860 49202 87259 -50677 25168 37414 36998 -8897 
-97990 -43564 84070 -56218 49911 -16645 -86612 10817 -35185 -18558 
22497 -1833 -5942 21885 -6750 -83395 70488 36840 78823 73261 
10406 37521 1121 5815 40206 -61744 20274 5492 -5477 -67906 
25126 -63877 30629 72045 -77001 -80958 96070 -22927 3528 -64332 
-19229 -66344 55222 88910 -40547 -91263 -56623 -62014 66921 82186 
-64025 41632 65347 4035 60729 -51597 11762 67273 24049 -55620 
89143 67463 52586 41354 -89954 -76593 96282 96123 -10635 -24364 
-26508 -54991 29058 -80512 74274 18652 35889 -99003 85185 -43933 
-76469 42523 67925 59066 12138 35792 -49238 82820 -76272 -96433 
52714 -54360 40264 75547 -78886 88631 32526 -21526 -79755 61617 
43749 -88632 -90402 6079 8265 95385 32611 6835 -23502 5406 
-57663 2864 -22670 52150 5322 5879 25330 96324 -1654 -98804 
-27105 -34088 12201 -54101 15747 -19853 738 61055 56072 -13033 
-36405 77650 -35564 -66706 -32471 46966 38033 52817 -47634 -55493 
-69807 70712 69536 -38232 -53294 5183 -99102 -86457 -64698 50670 
26339 -76813 -17704 62532 -81291 -41969 54633 73616 97448 -8779 
8993 62169 -92065 -16981 -37795 53933 45275 -4811 46401 83172 
99654 -98579 19780 78282 79100 73610 74168 -78330 13282 -29374 
95308 20013 -54385 49207 69708 94742 79775 49272 -28448 30319 
-94435 95813 5157 -17001 -4274 -30980 -69430 -58020 -6971 -30762 
-18214 -79438 28660 99512 -6830 13984 -43045 -23951 -55087 91596 
85336 -2588 8808 -14880 -54713 -97091 -81134 -83639 -98257 56492 
-83364 39587 10149 -28081 -95986 62076 -47263 66897 -59280 -36586 
39480 -54944 16130 -60711 47469 -32895 -31667 -99154 40798 85089 
57099 -93936 -49128 80928 48028 34187 67302 -50997 82555 92238 
-16990 -6077 77964 -59206 25420 -98200 95531 84662 -96357 38976 
-17878 69301 -4286 -47744 -69567 -23694 -63920 29201 38270 51187 
62111 -19997 29223 -58183 18049 -67913 46365 86903 7048 87661 
-34354 45669 -99278 -32953 73454 28800 39268 -18642 -30969 27987 
-92053 86507 13439 -91894 58659 -78459 67057 -49928 32719 9711 
-47560 -8880 -19261 -71457 -66792 95873 23719 -85013 64453 15338 
-60319 81537 -47509 -50940 -25624 81362 -21114 -91963 73762 -8581 
-12661 -86288 80844 -49031 -49712 86685 94366 -66079 -3798 -17423 
44442 86412 -3440 5963 -72940 55243 64957 31761 -17217 -20238 
44675 -75384 -73238 -76190 53131 -21466 -98741 63096 -99335 -16358 
84827 -80516 71218 -79075 -69188 22335 79325 -78029 -88777 8736 
-2248 -2071 22910 -58855 9740 -97740 23503 -71779 64518 -80849 
-69720 -4985 92858 19263 47654 -24107 -59856 58166 -59495 -63738 
-46602 11583 -32975 77836 -96396 38912 58810 47058 53227 37192 
511 10910 -48524 -36132 19477 -9661 -63105 43404 18812 -58573 
23018 -58186 -71562 -67855 -14855 38896 -21576 -54641 53207 -91722 
39530 -51165 -36954 20271 -56024 -13507 -19090 57399 93616 1228 
71152 -14547 56264 32446 -14256 -3358 -19112 1545 -14754 -63243 
-7508 23100 59345 78956 17564 58798 -75545 -3114 69351 66244 
43820 -26985 -51512 92497 -84917 14087 -67871 -89019 61184 29379 
21263 -743 41619 -23191 19383 90721 64736 24946 7849 -34319 
22510 44256 -39777 -94443 -17882 -81714 -64207 -93606 -76413 -72842 
-19006 -62837 -60260 -70083 -89054 -59854 -80867 86749 76618 68988 
-49787 -94512 1196 -54838 37836 -57848 52863 -16085 -78308 -48161 
-30346 -84468 -23813 95592 75806 -72397 56999 -8493 44041 -31077 
95165 5989 -87048 26228 32068 -57009 -84134 -75509 -16094 -36134 
-13290 30814 37624 -85135 97907 68927 -64549 -49012 -28288 -51243 
34497 -88353 59609 -49562 39150 59141 -31904 15460 20493 -63322 
-76022 -48522 -80961 -13921 -11975 -69214 -26191 -68674 30513 30703 
-50746 -38136 -71831 25318 -32589 -17676 -61376 -9701 -91311 -56766 
5111 95087 46104 86635 99867 60029 41277 19071 -99992 85693 
-86378 -27756 62802 57939 84223 21100 -72760 -9728 32788 87264 
49051 -94904 21973 -35861 77901 -4431 20392 -50987 37772 80599 
-48642 -83129 -11939 -92088 -53482 59894 -58326 -19919 -78693 49864 
13106 -19040 -79003 5659 -81767 -40133 51816 94239 -16220 73672 
-55513 -3656 56508 4506 -84569 -46383 -91604 36756 -90312 6156 
-51273 10081 -72882 16756 2821 78111 31361 58812 20586 55114 
-82282 19645 21373 44487 -35210 -1905 7064 -62442 98689 -29787 
-99761 -53966 82681 -11576 -68622 -49849 81931 -92930 -51772 91082 
-50856 14037 -23481 -8861 83359 -98944 -66676 54424 -58920 22303 
98134 17269 -71909 -95339 98798 -51245 80033 79111 79966 -54429 
21455 29548 -50534 10224 -55159 55221 -47167 -72851 51172 46926 
77338 -40916 -51278 34250 -1052 19553 -29417 -70657 89879 -52785 
-1100 -77397 -63150 -62493 -63433 -63537 41787 97402 -20655 -23379 
-49319 -37634 32655 7572 -25041 83916 -86405 71838 79203 -17807 
-61743 -73879 -73846 63515 -68604 -44576 -9281 72204 -57230 18389 
49016 5337 -63145 -90456 47617 6773 23416 95977 -95607 -93337 
-91772 -64671 87243 -74880 7880 82358 51619 52312 -76916 32043 
-13450 -84850 -74654 -99728 22168 7417 89480 -94854 -98986 41263 
-41972 -63044 -84391 87505 46861 76944 -86672 -8357 -86980 -52311 
82412 -26529 39931 -2808 15067 85700 -4470 57626 73642 -30181 
-69322 18562 54200 -79487 42774 -3910 -7321 -71057 93205 44666 
34320 32737 99231 -65585 70158 -63525 -60108 84384 -8449 -50964 
-7490 -7528 -48247 12946 -62727 6999 65158 -88088 59267 -90001 
-62300 -1689 -52560 -95718 69773 -75210 48862 -81781 -59082 -65808 
56092 57382 -40427 -2028 -93841 -40165 -97260 47876 -81653 -64523 
39996 90542 23902 -62096 -42620 -29802 -85131 -30144 48472 -26546 
-99853 8401 -39477 -39002 -51205 65219 40462 37393 -26371 85368 
-20347 -22163 7415 -15034 53409 -94029 -17359 -62899 53285 -78972 
91207 -354 28219 -86801 13192 87744 -47183 -1782 8989 44226 
-31819 -34453 86365 81845 40112 -4608 -46100 -73116 44107 -95611 
98890 24390 9066 22818 14916 -80708 -48343 25731 -14576 -60054 
-52858 -13608 -3023 -20346 160 27135 -5478 -61337 -95266 -34296 
-20893 33092 2581 -91796 -82187 -62088 -27065 60849 62151 -55659 
-12963 -51174 -7120 -79714 70143 74113 92615 88707 33875 -88967 
89607 -29705 67414 -37553 82054 37246 15362 25340 69318 53039 
-11118 5437 -27615 89005 17859 77564 -48143 -96778 -148 -22315 
27531 -25616 76977 -38513 -32858 51831 56169 22206 83229 -40091 
-78269 42958 -78069 44269 4014 64570 -20591 -98369 77724 82306 
-41214 -71746 73890 -82167 -64182 -32405 -31540 -13259 -7743 52854 
80626 -44924 -76895 -90663 -51254 91562 55197 65839 -51807 73525 
-35935 55351 42084 -3594 -18732 26210 95050 -31739 -46121 -11393 
-55586 59976 -34522 37582 -40561 -64190 -37012 -23744 11115 -76313 
-91834 36975 87712 -69604 98328 -57896 26757 -81081 -66683 19386 
36799 -71665 -4262 -15411 20458 59074 -92266 -73283 -75325 66114 
84865 17499 40181 -40845 44520 55051 27299 -55547 -71608 37859 
-66491 85367 35657 62252 46517 21521 -71275 -54078 -32784 -36446 
14173 38068 48674 91767 -57804 96243 -11285 57831 -27586 -32615 
69493 -65493 -76403 -80678 -38484 -17446 -16359 88399 96078 -69646 
63098 47318 -70671 -92714 98041 -74850 69397 -35112 20195 -49594 
-91659 94144 75912 91628 -88534 94495 -40024 -64709 -72866 64427 
-31406 -96363 -75103 66153 86591 -38664 -8830 -2481 32869 94034 
-72012 -48898 50685 -21237 -78317 96834 -29199 -45393 -77842 -68070 
-69076 30115 72652 98391 -41617 82674 11789 -84300 63524 -77380 
-93525 94723 15630 -63353 35102 55688 19345 69939 18292 -54108 
-79420 -25768 -65049 49976 -82283 -9783 -97272 80315 -40142 48001 
74868 -91157 28439 64280 -29399 -74039 -10139 71126 13275 -88143 
-64124 74574 -551 90098 -84746 11094 17481 7061 53461 -87595 
-4638 -45259 65194 30783 89276 -13287 31968 9124 -66134 8794 
77540 93635 -74207 99871 64983 45391 -41251 -82322 -2544 -78894 
-87904 -10367 -90789 -51781 69266 67492 94130 76583 28468 -18587 
50290 59844 14450 -39724 47147 48046 -789 -25504 -79547 23860 
1235 -22868 -48154 16692 -80595 32645 35319 -33912 80692 82434 
59617 -17413 -28811 -16750 -38173 82712 -41406 -57897 56550 -88254 
-72153 -95877 14963 -20967 -83574 70456 31449 63922 13587 24288 
92028 -69369 58185 -44901 6007 9737 -72934 29894 -82194 4565 
-40088 52037 -20050 75233 20399 -95652 46439 -57563 -76126 -56588 
75548 -98940 19199 -90157 16680 4343 -32180 79060 -54905 96898 
-98737 -27494 55230 -69809 20755 8166 30251 77816 83648 -29195 
50807 52309 97574 67982 77749 68836 -90113 60092 -80158 33426 
-97313 50119 67609 55978 20332 72989 90353 -35368 67610 -23434 
-52838 -11851 -37558 -71314 94894 -37964 45300 84679 87386 -36265 
79554 -14230 57898 -38875 -98054 14116 -90929 65158 43458 -27184 
41600 19571 81648 -64727 69040 -76680 -38885 -78108 -11168 -93109 
72076 -46094 75113 74337 -26251 47182 96985 -30960 69274 -18705 
90440 76636 59602 -58228 -7927 -39279 -86739 91856 -12115 -23441 
91515 -87831 -13783 -59638 -15821 93709 71256 91902 5252 49660 
-97304 24016 -50763 26722 44303 66622 -43333 -29573 36428 -75582 
85768 82904 -38639 35927 -87047 -14200 9621 -22469 -19341 31748 
42207 -48223 -61472 -10968 -47292 22074 -98851 -43853 90807 -64973 
49409 75983 -93491 23789 -36321 58845 -5141 46866 25130 -81085 
-47123 82050 -79533 91450 22865 -18424 57435 -30911 25450 96204 
-38644 -43522 -68147 -6772 -95851 44242 -21901 60385 12603 -72032 
-33952 -83456 -91484 24067 -80625 -10867 -5667 -68643 -88161 10464 
-48075 -97871 -46339 -708 -36823 84099 -2506 30906 -23902 80784 
95451 27135 34147 -17949 -88846 -89611 -40789 59015 -92339 76210 
22855 24690 96500 -92529 -43941 -67970 68228 92521 -96714 -50998 
54427 10414 40899 -62918 -1557 821 92190 -54622 -37028 -62532 
-54612 78031 -82512 6209 31627 -40720 -95365 97562 -40974 73928 
-96471 54016 23737 -98934 17403 95826 53781 23987 -77633 -94217 
2950 6553 -28177 79632 -24896 47099 48892 -26774 -90134 91131 
59361 44669 -82974 68815 -72909 7395 90814 -97747 -24959 -29331 
29048 -88769 47462 -39044 48196 79396 87116 32715 63796 51056 
-34443 41833 86931 43011 56315 -21107 66737 -29067 84987 53541 
-33184 84918 82506 60212 41260 -12372 8693 93611 -35525 -32381 
-41915 -17087 77331 19006 -14833 60694 71262 -41585 72127 -76701 
-93829 97940 79367 -90093 88069 -87667 51472 -32213 -76327 -97216 
14880 50840 -33218 85669 -58937 -24568 83015 -21154 25059 3609 
65815 878 51677 7081 -3178 -25211 -79245 95096 -15212 46459 
65551 -15147 -88353 66571 95357 49870 92376 -77366 50173 -19094 
67698 24204 71855 -69228 -55421 37569 9426 72026 49056 -74842 
13464 -16132 9652 41865 -41781 81753 -3697 -1984 -30288 82670 
-10890 62874 -74322 -21891 -24294 -8064 -69883 21830 37280 -35686 
-30590 -36387 -28615 59884 -54982 -36964 -66964 24351 -78735 -71918 
98112 -48402 56013 -77635 38834 32201 -36804 -90120 -84740 69598 
65953 92462 44557 -27284 75716 -47502 98428 36356 -74288 66614 
-68940 72869 22148 44881 85968 99489 75093 9382 42870 13706 
2242 76376 -56171 68013 35481 -63660 65513 -56298 -59 8729 
-64125 -72778 68860 28427 91234 -73713 -93346 -17575 55247 -31040 
97113 5858 -36029 66502 85442 8771 98687 -12377 -64463 -72252 
-40094 92993 32177 7263 67402 -29563 67112 -11305 -18570 94839 
-54631 65042 95395 -56037 -40044 82735 29973 -68087 53669 40251 
64325 50096 19367 31775 40275 -50995 -60102 -21116 74087 21212 
-54016 -76053 -72491 -58385 98910 87482 -59323 -42441 95959 66729 
-63273 6078 -39478 11725 -57954 -69580 26832 -17448 21340 46009 
-44241 -9937 89951 26340 72593 73574 -22856 39351 92461 -23818 
-25678 93675 -82272 -66850 -49719 -19085 -14791 -27380 19548 59375 
-60511 79248 55774 -61099 74291 -78066 90239 -87401 55456 55355 
55087 -89096 21426 -43857 91772 33140 91890 -80924 83640 -45226 
7377 12780 30724 -72504 -84987 45360 -77957 -29196 -59372 -83062 
6708 59503 -4914 -73331 18840 50517 -80896 -65577 -72449 33130 
-11530 -4693 -16431 -66552 -41324 -16 -5016 32288 27686 -62707 
94016 36183 86397 -76501 -50744 16595 -94330 -22603 -94258 -73217 
-61069 -20009 39369 -57752 56881 27770 80223 575 51026 -30867 
-23175 6461 14370 13447 -23435 -2545 -70646 -73238 11778 -44782 
-25380 14655 85096 -95958 -36137 80634 29343 98137 4677 -77573 
-18623 -49714 -26354 -54242 23697 61050 -90940 23557 -81160 -48686 
-81387 26141 35820 -80760 -74100 -87445 -38928 -11473 -7024 49244 
-64031 7727 62233 70268 -91049 -37843 -47755 -31792 -65338 -55870 
27572 -1112 14694 -35018 -79433 -64838 -17994 72656 -8926 -60628 
99984 37471 -80665 54103 67761 -76444 -81598 60927 49817 -17386 
83894 93469 -27706 69287 28952 -92932 33737 94061 79199 77332 
53828 7377 -2053 74674 17259 -94930 1468 82041 -75768 51990 
24191 7490 -47901 4045 90826 13353 9263 -35915 93482 79355 
98392 58708 -71608 13818 52482 93891 -39062 -60812 95976 72070 
8023 -66278 27273 36611 94382 63815 -78121 -21164 -68380 -88454 
74318 54778 95451 -65512 -32529 45435 -19913 705 23651 68141 
38382 -81523 80273 33641 -60025 -8489 33130 12715 63481 -45407 
40029 -68250 -28768 -69304 91569 -79750 16230 49604 26056 35274 
58262 -3396 -28498 -89936 -43145 -1553 88963 -47804 -48649 19453 
-74322 30435 -67944 17146 -64350 -13665 64347 63962 -91234 -81031 
72545 -69718 70517 -47596 -77015 65950 25068 -40700 8311 35835 
50117 -15234 86313 38055 -16506 -90555 99980 29563 47206 -42669 
-84850 -13097 28396 21299 47137 54005 30161 92013 -39038 60606 
-59299 50366 -98890 8279 -40696 -34757 -95864 798 -29718 43615 
45388 85270 -29328 38453 21926 9580 88424 -14017 26021 -48204 
-26875 -55219 47517 22766 -98526 20362 18738 45576 19329 -62111 
57172 -98760 -51001 25039 85450 83098 -52314 75076 -98201 22090 
-48779 83661 -19741 90228 6377 -68453 72491 39593 -66356 18157 
-28680 -64050 -63646 -28001 93242 -27334 64442 -49864 90968 -9042 
81735 -51884 85124 32260 -3021 -87136 -56837 -32470 21582 41546 
71251 75537 66860 -38033 40398 -13671 27580 54753 -71811 4377 
-23628 93657 34071 -27184 50362 -34291 -50424 561 -13054 57454 
-70425 -81138 -982 8409 -73683 72163 43398 -32181 74528 89285 
-96553 91307 -975 -92003 75955 -98993 -4760 -82575 -57801 -73625 
-92228 -17263 -21418 -97666 -76444 -36447 2154 -9406 -45807 -448 
-98791 88996 -49786 41193 -36611 87303 19341 76099 16196 -2720 
49560 94639 -48524 -31012 91211 45903 45001 42023 -77088 -55330 
-2213 90366 2248 74210 -22269 79658 9499 29803 -94620 17856 
-78515 -89046 -52479 -26375 -45055 -45652 -15197 61329 10842 51786 
-79715 71046 43106 88713 -76579 53429 45813 89235 64679 3806 
53076 15976 -33661 -50979 36620 25935 -12879 1518 77196 17512 
83107 5967 62020 -65149 -40673 -35913 33766 48641 63081 35380 
-77095 81204 -81541 79526 -96145 14902 -96347 -15732 -6820 14182 
36509 4562 16371 92031 -49788 16671 -16206 -81981 -30151 45082 
-8169 -27207 16722 49970 29747 -3047 -697 -74868 22274 56605 
10925 88049 -39699 -71961 58062 -91221 -42324 52524 81870 -83540 
-10515 98490 -92004 -66721 21184 55106 4034 -50086 72442 65283 
96642 -20047 -78665 1576 61095 49028 54050 -79227 61389 -65876 
59222 99100 5434 18484 -85390 -63685 51139 78307 68919 58229 
44250 48323 -27293 95688 28943 -40614 8904 41067 88758 -4152 
16066 11618 -59984 -90423 51893 -78058 53493 -89333 60817 -93035 
733 -50923 -88147 -33271 -58801 -54547 -66827 -53883 84098 -65494 
43929 -16561 -13303 -56579 -8712 -55723 85150 -82547 -63443 -910 
78565 -47651 84095 -90287 -62039 5658 69450 22632 9510 4775 
-98905 -15238 5880 -9028 -9557 -5456 77104 -32048 10511 28543 
-8721 -30015 50400 69458 -59421 78950 -35641 21934 79472 -90337 
79576 73352 -50265 -38199 90843 53746 2136 88418 92896 2360 
-62209 50828 32513 -70145 1429 20738 -47644 -26875 743 -35775 
-33130 -1600 -61586 35837 79037 56510 39186 88566 74811 27816 
38876 -90562 -53137 -15714 89039 -36877 4533 27804 38212 -13184 
-58387 -41595 45629 -13658 76864 -94070 81501 -24437 -31651 -73611 
76503 -92381 -43107 86208 -74413 -16851 85092 31910 27519 -21631 
-96977 21162 -59269 37171 96031 68503 -79658 13771 89937 24607 
43925 88338 24838 -96431 68504 -14396 -5633 -35564 66535 20240 
-74456 -35787 5247 85042 -8046 21912 -85166 -64848 74712 4478 
-21853 53274 56715 47277 -83354 68743 97109 -61694 -72004 -17847 
74651 80923 -88105 22816 -1370 60792 -7923 62049 -99477 -72862 
86011 92392 -32531 65152 -21291 -93571 -97169 -41700 48746 -28478 
67302 81498 -41800 -86936 -68873 -85178 -36536 -78076 -95540 -51762 
31394 8979 39460 -17919 -58079 -34419 -77998 -24447 -70648 41789 
-16741 -30594 30940 -27708 -43181 -41522 47074 -84934 -239 290 
-56847 -69871 92590 5370 -62446 54211 42497 -22159 -20422 -63502 
-28155 90930 -89760 -65323 -8244 -66293 -8332 -33302 -69956 87147 
-75590 3857 -35275 21322 91665 -7863 48356 3006 -40521 53092 
63536 73428 -71010 -33549 -85340 10053 45044 -3718 -7052 52121 
2827 91474 -87591 83955 82110 20582 13450 -72531 9260 -1282 
37398 -68271 -62469 7862 -33444 22485 5391 -27571 39676 -95524 
-42032 23360 12934 -91747 -36454 -51143 -98464 65696 -93685 35935 
-43720 -12609 44321 -27055 -82652 40968 -26770 -15951 78225 -23700 
86502 67047 3882 -6361 -89338 83264 -15480 60215 34187 -65651 
32488 -94565 -92612 56192 57609 89370 -69627 -72730 60981 -8457 
73337 -17055 73846 66073 -18042 -46290 34162 -9295 -29491 -85872 
-68626 -65590 61506 47483 43474 15133 94358 63636 -95750 12197 
-43040 -34586 16692 -45708 -89373 -55106 57321 28140 -93630 33256 
25393 -5007 -60238 18801 -28866 -82146 57775 -74453 -62205 -79539 
28765 18600 -62338 19041 -81266 -5196 -86478 -83987 -55510 -67967 
95561 -73027 -87435 -53016 3854 66302 -69567 -4858 -25499 -17091 
27252 -22280 24786 23158 -22198 91609 -63029 58318 -46378 -81987 
-66269 23277 32929 21456 22393 -44572 -79654 78278 82309 -7852 
55624 -22109 -29841 90981 73208 21302 89457 -60059 53090 -36498 
63957 46913 72796 -76830 -49503 21097 45471 -90569 -17279 -97163 
26104 -11676 -30250 84030 49803 -21150 33364 -38652 -79834 -28913 
71813 58288 -42379 -73483 9811 3825 -15872 -15828 -28766 27849 
-24306 -28284 -67603 48144 4784 -68761 12665 13416 78294 -85560 
38314 17009 56592 54617 74555 -5319 49720 919 -83994 -54999 
-27422 55908 -89530 -68459 -30261 -47379 -92743 -51545 -26396 40509 
65411 -81337 -72952 -83697 -97410 -62720 37572 -51854 -92915 33679 
41481 -5555 89125 -69242 -620 75854 -36901 -94986 6917 28937 
-48484 -992 28458 -92519 -20065 -42899 -92899 -86157 39161 34995 
79734 30390 9782 -42882 -17293 -72409 5332 85595 29087 -38869 
-9957 -84729 -73368 11697 61927 -29588 -16411 80098 99629 -17871 
69764 -42188 7372 63236 -69470 -6952 -50564 7547 74793 -15127 
6320 4958 34376 12447 43556 -83641 18761 93823 53615 4784 
48783 71868 77913 9511 55690 -60243 -71395 94155 7832 62408 
-37690 -46671 -3465 -81343 -45977 -82580 -6229 55854 -89897 -64612 
96472 81233 -38701 6112 -98689 77038 44986 -49269 50987 -86811 
-98854 2918 -28300 -4712 28465 72260 25567 9688 -91277 -59951 
57804 85973 19250 34553 91307 831 64830 -70618 71398 -96920 
-88890 -7148 -89831 22179 29852 75496 53374 82688 -86477 90424 
-24973 68200 30752 8978 94561 -22738 28123 -33577 -21621 -43068 
-97335 -96891 74764 20361 25110 54443 -23208 97214 90474 82436 
-46470 -13976 25524 41682 82994 93238 -38822 -3080 72783 -78209 
12843 -49682 -40604 67168 86687 -65865 -82643 32541 -75056 -4549 
-92502 58720 -4859 183 63616 -54940 -52327 -13041 -61167 -76744 
36245 65774 72445 -54461 20085 -31846 -28432 -5493 -12116 -80456 
-31575 74197 -95243 72315 -75021 77433 51858 -47052 -66943 31105 
79947 -66933 -13728 71689 -6513 30319 -84332 -39718 -34807 -93468 
-1994 -13033 25867 -5868 66157 -25632 59564 -33470 -6108 53611 
-66113 -44635 -8666 -60206 91589 9413 -2328 91723 -31703 64506 
-35208 -27944 90136 -2175 42724 -72228 -22721 70286 -6016 86043 
44021 49641 -58554 -4438 41403 70777 39105 60827 -29069 -78354 
86012 15202 80601 66157 -96117 -30106 -23421 -55197 8045 77016 
98627 -42790 2852 47109 73575 99493 -60542 -18823 23741 8782 
28464 35220 14570 2602 -60484 -37748 -11180 -38139 -87374 58011 
-1723 -74193 -67355 3191 37494 92531 69185 -37581 -76411 -6929 
37927 -88304 -25261 74897 49855 27047 -92884 50132 93101 -28134 
-55526 -99715 -12444 -28358 -14287 72346 2452 79794 -60369 70107 
-21779 87080 -69137 98026 -67190 97951 51449 -11693 -41820 2172 
-81532 20529 42909 -64375 56125 37861 -87312 -31394 98537 32566 
94217 -53378 21501 16066 -83210 81375 43280 -83640 -34556 7501 
-27426 57335 25140 29204 19410 14091 22415 9659 -93869 -7548 
-96880 7710 -55299 -40647 -92456 -49605 -73691 18935 27861 -19904 
-51379 -19583 6379 -48935 46606 44717 52031 29583 -55092 -54056 
-42694 6702 -71963 -83030 -23800 94419 66399 -44012 92680 18476 
-55808 39766 46559 -51474 65610 -23191 56052 -76603 -57104 11499 
-42896 -7085 5314 41806 -67192 -25896 81913 57990 50857 483 
-72427 25013 -67813 89663 52379 -25227 -34768 -22951 15829 89516 
60755 59452 55534 -2677 27203 35940 -25640 2416 -12084 -80466 
-31 52613 -64642 25404 7559 -30472 -73757 99395 -90814 -60768 
51181 -16009 -4798 -85258 33868 62188 -26914 -48502 -49203 51048 
97339 -13376 83669 -58336 -52653 24506 -47757 -61165 26676 8160 
-37866 -26433 7413 -69471 78127 -12351 -82404 -96096 -76254 -58963 
-3785 -24576 -62353 -10937 55344 90390 -7321 12275 -75995 -77447 
34600 55878 45418 -7147 -98509 -39295 26271 -53030 56298 75083 
40450 40241 -50019 -35140 -54994 -17177 -83539 20970 -55191 -4487 
7283 37369 80260 -41 -95389 98104 52045 4068 -70103 23307 
-67069 45457 -91501 6646 61462 -11583 -31940 60421 -62230 -15431 
-31148 -60605 32354 87876 84507 57663 -49633 -62713 -85962 -67425 
62926 -11386 -76047 23934 59259 17638 32911 58919 -90122 -38098 
-69253 -86638 43817 3734 14473 -75095 -59021 46567 -27644 91720 
-81250 77963 -84085 -5542 73270 42567 10901 -83047 -16216 14883 
-74647 52308 59946 47159 -2302 11019 -66353 -70573 96593 -24834 
92768 -92187 -44032 60955 75826 73056 52089 98331 -87793 88390 
-77707 91159 -17155 90094 -32017 -26004 -42555 23240 17000 51625 
-59521 -50599 37389 -38111 -21351 -28643 -37510 -48997 -26447 -69461 
23902 35317 83042 -48027 55179 -79431 36913 -56619 -61257 35220 
-45847 -87794 -69734 40615 64658 69837 -34303 -32979 78851 -40569 
76758 -79558 10810 -93348 19428 -29465 8242 61399 89401 -71073 
61960 64377 -78684 10639 -87231 -32210 99014 -30424 4538 48534 
57067 -58020 90977 8295 -48298 -24658 -94708 81086 76602 87950 
17623 -35459 33185 -74269 -88509 95108 -55537 -24815 -50634 -28573 
28356 51214 99315 29490 -405 97526 47885 47980 14388 41919 
-82123 -15261 -18161 29962 57983 -76015 47206 -18737 53913 2561 
-27911 70302 61386 -98552 -69647 17738 -48785 16274 -77410 -40456 
66188 -40752 -87543 -4359 -92224 -53480 38363 -21216 -29794 57455 
21510 -92067 27595 51507 -69550 22637 92377 37162 -68831 -43180 
9241 -27780 -82624 -11626 87715 -24806 -87610 -81967 -37454 -5306 
39373 -28863 63346 37431 79868 -30724 -24125 -30726 -87420 1313 
-35933 -85548 -15612 -21788 94090 -9189 -56614 60355 35602 -67816 
-16936 -39292 45173 -59797 9614 -94285 98839 -49549 18240 54405 
-24645 -38460 85119 87599 -9106 -33796 -94304 9475 -75076 -27800 
648 -34788 71356 26473 -84712 -31550 87773 59746 -75296 -80197 
-60110 16323 -81789 -38912 -77752 -91482 -28663 82043 -46910 -22256 
-94257 46620 23056 40497 -1565 76941 92865 3665 97458 10623 
99308 95628 -90450 88956 412 64208 -863 32898 -36399 -9913 
-43635 -19957 605 8702 17423 -80502 -68009 44657 -17748 -84560 
-46325 -72507 80151 33230 -99271 10197 -17088 95901 3114 84231 
-41230 75891 76896 -5563 73188 -58859 -16720 -43682 60004 -94317 
76250 -36496 -79974 -56010 -92316 -61060 -42650 -92619 -85432 -66114 
94207 -32466 -82928 58235 -55934 -99598 17809 34930 -53312 89806 
-31783 24825 89532 13814 -91656 54879 63194 -26429 -14570 -99457 
25304 -10371 -61923 -84048 -3992 -17937 -6782 -10098 -90256 -79244 
-62139 -71742 34785 -76584 -76238 40258 19918 -34382 17793 73748 
7345 -98029 -53529 -97440 98560 -77260 46645 -54924 58537 50848 
42427 46795 -21298 -87095 -68156 -2448 12359 -23675 99795 6906 
62967 4159 61161 -98406 -60274 12523 -78418 47075 23009 -47112 
49162 24255 11273 94690 29793 89648 -40527 -71869 -33556 18543 
-88308 -15400 -75835 -39129 54181 82311 71433 29628 4058 -86729 
6246 86422 41292 35108 4958 90774 56386 -6155 80296 85431 
61675 -50012 60214 -36740 73347 -83208 18846 65629 -42856 68669 
-83420 -52175 78032 -37015 -53219 -19035 -96696 30283 -31235 78709 
8560 20945 -60508 10986 32830 -85333 23485 73030 -88026 11939 
62476 -22396 -71282 -81250 81540 -89565 50514 76516 -53250 4581 
-47272 -71928 -90714 -97973 70754 -14743 -48570 68505 -88058 73415 
42148 73114 -82214 8414 69721 73624 -6650 -23944 5311 -8135 
-80355 -59013 23348 -6961 49329 84153 -60439 -74693 -52982 65046 
-15297 23997 -43985 -72057 68475 87269 46494 3783 -57768 12709 
79225 4455 19176 -31107 -71061 55754 -24255 97269 6053 70676 
-63215 49741 85718 22837 15931 25337 47916 42864 76167 -83623 
-15712 -5213 -46590 -80157 -76953 13624 -61138 47471 728 -81973 
-41479 -11092 30433 -19385 68500 -97873 -13030 21237 -8534 3003 
-43101 -66811 -78144 -5179 -56638 -37694 -39805 33147 20161 45885 
-1953 4983 -92110 15616 9679 -26992 37243 -29753 37491 -39564 
54632 17124 -39092 -24312 9994 -98974 12053 78886 28409 86937 
-23232 43670 -1695 -19629 -86144 -67863 12592 6420 94636 96715 
60794 80036 -52789 95611 51537 43771 85993 -22395 45665 -803 
-5107 -37304 -36900 96932 90141 -6817 24395 32462 -94662 67254 
32973 87927 -59425 15437 66716 -26690 -45462 2801 -3115 -44049 
43683 66187 -6474 76513 55359 60720 62401 73730 -78945 80817 
616 -15103 51603 -60252 -63724 39226 38332 3270 16012 -23490 
2019 25511 52781 -71776 66483 32465 89973 -28655 -44291 -13937 
-26821 19471 91289 49607 71468 25165 -43919 3997 -76021 -24332 
39567 -16184 79282 69069 -3517 -73657 38741 -99807 -22304 16310 
42332 49911 93909 53338 15661 -17345 739 63011 91099 -84287 
-97053 93335 84871 52359 55357 -21759 93321 -70099 42379 96232 
-60468 -98580 -28210 97126 27853 39749 7509 -11121 1781 42733 
67228 -53128 14677 -28702 -8868 -29807 65159 -97753 68112 16675 
47003 40363 -85941 -66603 -92114 -96574 39834 74192 -69816 -62631 
59480 -43957 83166 47701 -54685 -31621 -48184 -89457 -8217 87670 
53106 45854 5721 61605 -54261 -83745 -46530 -72243 -98546 42199 
2877 -34605 75477 -52983 -32401 82469 -61143 69770 -69941 70914 
-35560 27408 2998 -34717 -64435 -94636 -60773 -72606 52081 -54127 
53489 -17290 -11885 47146 -74138 51521 4287 33458 -4496 -48449 
61181 40203 -76880 -66013 11112 31477 -92335 50115 -44935 76838 
-91675 56612 66161 15538 52684 88512 80017 76429 -84699 47862 
-70643 12997 -75960 -35188 41420 -16515 -8507 51847 -89521 -87188 
-38923 57990 38165 11582 -64175 85081 58169 62417 72156 2366 
41333 -69951 -42173 -72600 6292 93833 48787 58863 26860 -78607 
92048 65717 33082 17842 -33496 -50069 947 6247 18900 12549 
-17276 83807 13264 28082 88973 82612 -54209 -57112 3191 -63833 
77772 -2466 -14339 40023 84291 -2191 22969 30049 -74230 5281 
48619 17558 71571 -87654 80028 -19478 60709 41715 -81413 24923 
67775 -66448 -63546 84255 67735 56545 -72551 -67868 1702 18515 
33191 -60031 22827 -33435 -74861 -90013 39511 -60846 75846 -93886 
80132 94914 24307 78325 -29020 -5086 -45113 92226 34221 34528 
27888 57687 8122 -79304 -82300 48553 38959 70615 -30185 61530 
56676 -23069 -59916 83816 -23647 -14864 -86007 31312 -87143 -5179 
13836 -30052 35880 88560 37508 -30372 92821 -85186 -70598 -60478 
-64945 1691 -94663 -25192 -93950 -55757 43704 -82631 77444 38768 
-95686 67188 -69264 -74668 51121 97530 -77065 -90241 8913 -2060 
-26584 99280 -7853 55706 -42142 -92403 33444 61557 59862 -27603 
-86237 -50919 30887 -49329 59665 -79389 -16657 -90055 18725 47611 
-82784 -46362 -99966 2815 56533 -23127 -64687 -16910 84777 -4915 
-5639 51434 96997 7782 65119 -17847 81353 -69473 -68045 -61224 
-74223 -5365 -49419 53533 77048 -38309 -88436 61431 -77225 -44537 
4660 4 99785 -84011 -8425 39778 21011 67166 -1286 -17591 
-93975 19417 -68760 -51547 -76281 16834 64421 13867 -7225 -27731 
90109 -47842 -38618 20108 -78201 90674 93462 71112 -99799 -66148 
-86746 -7065 -61035 -24883 -65204 -47255 61149 33307 91235 23442 
95553 22609 61892 64423 53007 32927 -90920 25504 24078 -75988 
65779 -53389 -40387 89913 80648 12807 57979 79221 69566 2318 
-94967 -1586 64452 -49395 33343 -99815 11028 -96904 -45971 61435 
54544 -76959 -39608 -24924 88965 -36128 52466 35042 -91659 45283 
9077 -487 33421 -20772 -88690 -55508 -13652 -1477 64937 -69181 
60834 41732 -87965 -31414 15350 -71806 -35689 32192 -4295 -80309 
4740 -25318 16387 1977 9456 -14505 99110 -48879 -77401 -72646 
-1655 -31323 51061 -48529 33424 -70634 87762 -23086 -65713 62145 
42362 81364 14637 -82633 78852 99416 91481 27859 -85364 41166 
79797 -9462 -6522 1216 16883 7835 17892 45230 -12329 -11117 
78964 -11341 -70491 20457 64627 24135 -71916 2998 -56642 -83355 
18042 -91783 -1898 -92591 69862 -29952 36489 -56479 8461 10060 
-81350 88857 28720 -27534 -87127 65508 -34716 -90242 61061 78510 
13257 -18031 92118 -54657 -68355 8622 -67073 -60661 40804 11405 
-99618 19468 25482 -11475 -47269 -29857 -11090 41695 -74853 33158 
11431 6901 -89332 -62949 -24462 -94718 -97699 -87905 37563 -11428 
96296 -64106 61957 -10856 -8151 12609 84210 -7989 -18127 50732 
45454 84577 39054 59552 13330 57253 -47607 52173 -23804 -10595 
-30976 -79918 52839 -55131 -65643 -867 4517 -62444 5648 50908 
39521 -4380 76199 58667 43898 -43445 -5792 -88989 -86314 52895 
-71393 98463 -88535 -2117 85957 87965 8369 37510 71468 51950 
-26180 22863 87154 64669 14949 79458 39795 47408 -84708 -31087 
-28884 -39098 39328 -42505 80558 28511 77981 69807 -60975 -89108 
56918 -76864 40336 27626 -77650 42018 37980 5118 -25329 82193 
-45367 -117 -47535 -28459 -35373 66688 -935 -64846 -2132 -35074 
3357 -31268 83505 -30231 16025 64180 -64600 -46027 -78418 -42989 
36611 -47045 50160 45175 17232 34177 98838 -74582 4148 -9882 
38375 67492 22434 57720 64752 -31685 -92623 39641 -24696 -88647 
36733 61703 47354 46333 -18404 11006 -58811 38162 12918 55660 
55328 -26142 -30848 -90452 -58479 69502 -98066 -15394 -35160 -19001 
44963 58852 -52458 12849 92840 -60210 60474 -70153 -88616 -14267 
23530 -90952 -19705 -1629 99887 25637 -66750 -72748 87851 85489 
-46451 -46393 90487 -44808 -84079 -32610 28864 14392 14540 32399 
16353 23201 6727 -44643 11410 76922 11039 -99801 71956 61953 
22767 -38059 13004 -14910 -88139 -39012 -88986 68278 -85831 -96242 
5070 -25875 4863 -81260 -11146 -43677 47501 10628 94773 97792 
-30885 -58214 -48528 -88401 83833 46069 -68785 -34770 26128 -14084 
-90817 27805 90026 23995 32732 -63433 -82263 13138 57506 41001 
-78568 38896 62276 -1394 -67059 -28459 86939 -63087 89506 -55797 
36036 19845 41264 99468 34724 -89776 99054 53947 56645 -67556 
81728 -81050 -94182 7341 59161 62887 40592 72668 33886 -70107 
77508 -81060 -41914 -87068 -14432 8498 76680 65349 59721 3861 
98051 89558 83035 6240 -894 -19982 25444 31209 -69115 -20230 
-4570 -37159 -39216 52055 33712 18883 81534 -311 -38977 77328 
21876 79411 -51754 51080 78135 -25007 21598 -20871 -16575 41741 
32847 -6441 -45542 -32128 -30645 -31366 -92951 32023 23286 28758 
-17339 -23672 10260 -96273 -48535 -42021 43028 -703 14326 -10848 
-60335 83714 -29413 -43403 -43892 -38080 27457 26772 28382 -67571 
7566 -14363 -71188 16424 -91100 -75104 -43343 52351 -96949 96664 
18024 -93555 -44113 -46087 3468 32365 81943 -67477 -2229 -79149 
-34905 -44994 -2425 22679 70886 13311 -29772 69436 -2769 477 
83052 8612 -28307 58263 -7364 73545 -57306 51194 -28053 -42898 
-40135 36243 53052 -97580 -33931 -22805 -35075 51532 43280 90888 
4113 11780 -44619 15464 49708 -45654 -44591 94066 58849 8985 
46069 58563 -27872 1664 -42851 1685 -89344 -71387 11558 -1839 
58271 52450 93351 -5668 75796 -17842 -55657 54883 -64240 73710 
-73011 44276 -18668 82737 -97933 -17061 64563 7055 -77115 53138 
20203 -86294 33795 75061 43944 69947 43814 2602 45690 -58604 
20358 -72459 42068 49713 -10708 -62130 80774 -86773 -87870 -58706 
-73936 -93835 -96385 -95075 -72420 57007 -23799 3900 -88901 97659 
70564 47023 -46873 31064 48541 -9818 -65395 -48227 48577 -61456 
-65647 -3032 73253 -44135 -91177 -46022 4235 -19489 60576 -2326 
-90901 -13887 -76566 -91573 -72805 51737 60486 -63532 -11959 -52930 
58861 -44309 -25119 -9954 -17658 66873 -76524 96833 -81016 30152 
67074 -11942 -46556 -67188 79324 -23483 71259 61405 78099 93333 
-59453 49715 18459 23675 -72564 -54697 -41590 58569 16690 -49839 
2232 40564 49986 -17590 37636 -85836 65186 16975 -5574 58270 
19929 86028 33654 8390 -31896 47478 -74813 -85919 56294 -53384 
64537 -69535 11425 -26871 59431 -6034 70445 22743 12591 -58771 
76793 -62935 98377 -10266 28475 -94241 33814 91244 5449 71802 
44483 99541 98927 -61249 -32330 -9353 -57304 -77909 -88472 -85743 
30987 43430 -67654 -91328 44457 34361 -31871 -69298 18537 -6900 
93456 -40617 11564 58564 -76483 63399 69139 -37680 25342 3657 
-17043 -23908 57149 28725 42303 87103 63795 5172 -30967 96495 
75617 -31365 -23322 -21165 -85777 71115 3424 85316 -11481 -53759 
57394 -93228 15000 47834 -37782 95484 -90136 -84617 59169 38676 
-61500 70008 25409 -28537 -67081 -31529 -7734 -49389 30199 -43850 
23520 31280 90922 79942 94598 -32911 74053 50241 -98309 21600 
44669 -31279 -9753 95327 -99577 -24228 -43402 -72212 -8760 -55624 
14951 49273 -69542 -25161 -5464 18237 -9352 8561 -24790 -26862 
33728 -15198 -67444 50548 78191 -59917 -43722 -15153 49522 53255 
-59513 51404 -5754 -86711 87654 -73978 -61506 49598 79998 1740 
35858 73582 11812 15436 81888 96460 9837 -84331 77610 8506 
-34096 77644 72780 53372 -41937 -67522 99944 -53961 -73669 71621 
86474 -42845 -19557 46244 14034 78238 88684 73918 50512 92730 
-33183 -41027 69011 -66372 -68437 -32036 -40079 28918 61483 73466 
38601 6843 71830 13958 58184 71545 -8846 -23532 -46047 -47173 
-33907 74347 17444 -91546 7840 -77467 56241 55375 -28336 67166 
-7026 11215 14277 -25225 56500 44553 84579 -90641 51678 22510 
89311 77698 -45790 -65066 -66331 -5222 -75505 -8225 -28312 91543 
-36715 -84928 19631 12654 91371 -54803 11485 -24587 -74404 93258 
95447 -58842 -81457 19383 94150 -53596 -3953 -32448 -82739 10638 
-89471 -23122 67551 55261 68657 46185 -75559 -74337 -71701 94900 
75941 -61679 93787 -67036 49172 17795 -34066 9846 30349 -84803 
-30500 -36178 -77482 83234 -77863 -87266 9935 -32487 72312 -72921 
78555 74202 68768 -42237 24556 -62112 -45849 -84587 28607 42802 
-18016 -23903 22266 -82725 -10401 -6201 89207 60248 -28766 -94974 
50036 91970 -65598 -56840 14546 -42598 -38893 -28413 84086 18842 
-76091 34075 -49551 7295 -11704 -35027 -34425 -22350 11920 61506 
-71751 66538 -89128 41815 98564 -87457 52234 -24712 60735 -65853 
-96705 -76059 -2774 65801 54288 -67376 71264 95670 -25912 -42975 
32443 -42005 94998 -15609 7177 47131 6474 -50760 10421 -74555 
7338 -88384 65605 -42584 -61480 -74169 61004 89422 -16623 -2392 
70259 -43889 -44379 -91655 -23570 -21993 14592 -18731 24954 -78719 
-34871 -80087 57285 -86888 45860 -8039 24826 -92362 24466 -58837 
-59213 83863 32446 -59892 35566 -9087 45572 -53909 91276 -59294 
68938 16831 55696 20040 8655 -22655 -47448 56938 -14000 -36554 
68148 32415 -60222 67824 -3531 -59506 -28664 18347 10102 55301 
92206 -91274 -81612 98664 47210 -80960 32916 84308 70028 -44430 
14800 -56242 -64792 5708 57505 -73251 80639 30279 -13985 -60350 
4791 -67269 -77258 89749 -2868 95098 88406 -44422 -11780 63440 
-4046 -3603 -17966 19579 338 -53996 62559 81212 74556 39723 
-77981 63760 -1933 -6535 12386 -82726 -95979 -39606 81183 98406 
-12980 -21589 605 74092 54472 41613 51577 48357 -94302 23460 
-59217 72023 16611 -83196 2391 -157 -86021 73639 47611 -99243 
10848 -97974 -49152 47960 96164 -73013 -33318 56415 60580 4254 
38425 -55760 19038 -61471 67368 -42957 -68321 -30605 60427 -75064 
44854 80490 8665 -22908 2090 -48791 44641 -87878 -2045 23558 
80662 16801 -48220 87528 46595 -48864 9165 -78425 -99295 -69194 
71155 -71033 -67924 91608 -45483 7730 60291 -38867 -79717 7956 
11181 -82460 86194 3386 -25059 -58526 -39051 91809 11480 96026 
-74650 11127 -97843 -74588 -82535 -56362 69373 -22 92849 -11158 
63504 -46586 44356 -25929 -45056 -3253 -75847 66854 68881 3684 
94385 95965 -84933 -36394 -54271 -58210 93668 76481 -84196 26864 
-87627 88989 31161 -44402 -88050 17887 77920 -65237 94695 24797 
-93296 -65328 -29290 -28706 84298 -18915 -14724 85753 -46586 -2781 
-33534 -72642 -27113 -36909 64780 38684 93955 -57706 -2723 54795 
-39406 -19511 -92897 -56924 -47051 -95544 -94900 90546 20087 69095 
4901 -68593 -67446 71767 -20763 50031 -88358 80466 88604 19934 
-88944 -6728 -3046 72706 29740 19349 92524 -66204 -8436 -70963 
96078 -50617 -45574 61771 -79399 44796 -5345 62283 -61878 69885 
83453 -59561 76249 19503 81102 -98308 -17413 47413 41324 -67482 
-97048 22750 33721 -31454 22272 8284 -87449 -14573 75631 24819 
1537 35118 -87886 -6444 -69043 -57411 28333 -47754 -76536 73133 
22956 46362 48599 89743 -84080 40012 -46127 -31251 -15864 -38871 
13408 46674 55161 92239 -51271 32243 -41165 -62181 -42364 -85719 
18780 -26968 5942 11366 -51078 2529 4814 74862 79199 -80672 
82654 -72393 -75037 -69737 66892 93992 -98233 52256 -78495 51189 
1918 89064 61770 77232 -31951 77683 74032 70537 -14296 43174 
40875 38578 25266 -72823 57342 75635 -74949 -79915 -33400 -59208 
73901 62269 13061 37067 -82108 -39220 1308 -21209 96032 88941 
-62834 -95019 96861 28951 -97346 61913 -92269 4181 -32142 56266 
-79401 -64451 30567 89456 45785 90200 -73592 -41221 -18163 17166 
60758 43588 57913 93722 54845 21415 26580 11584 32449 -62089 
53541 56141 72034 86173 -93141 -91130 -18481 -88381 -26835 -80736 
75533 88442 78385 -57956 11065 -11477 -52833 -16411 29722 -76564 
-38874 37639 16038 -91711 35371 27339 -40898 31672 -39941 36639 
-14030 41240 30316 -34529 -29751 7546 51853 -90064 -74046 -85119 
98902 16042 34988 71942 -7495 7490 32754 -17892 2791 -8676 
13701 -32548 84000 -64128 -22181 19778 23772 -34768 -89439 46826 
37205 94221 -43658 -64328 -14023 91523 20190 -40144 -61567 -7338 
3646 -67179 -18317 -7516 2454 -85152 -86115 -75183 -69942 89700 
52842 -85604 -35857 85702 -40862 -45895 82085 -17030 -91583 6019 
-16670 48380 -25926 84479 -79545 -96075 95742 98122 89948 23749 
80803 88609 -76379 -36184 14116 -48811 75543 -87555 28820 -54040 
-44483 -97515 -31768 6618 -76176 91380 66920 74318 -72628 -30734 
10591 41442 92315 -57092 -64094 -28392 -84042 -96589 -46752 -47609 
-67316 -40505 6636 83633 13773 56922 33836 31998 -50060 71587 
49892 -93375 -81009 -55037 -74706 17280 -41703 -36223 -80267 35134 
58552 -50613 -19265 67530 -24239 -95110 59259 -22005 -95437 71808 
-95525 -57898 -98651 -84735 -94201 -33011 89977 81177 43151 -49267 
37298 -20868 -19210 -91513 12220 -22072 3551 -85645 -32323 94736 
47291 -85380 -9706 83179 35887 -48221 -28162 47083 20689 -64566 
3613 -77685 -67018 84528 -8333 41598 55127 -31271 -5615 -43486 
-30804 -54258 1161 1723 91255 -69745 -76678 54117 48877 -86164 
-57974 -19040 58160 89559 -94493 52127 -15573 10332 41285 -84044 
97406 -9826 -83322 43747 -52138 43792 97634 13977 32033 25329 
-60893 -82196 -40043 51515 90515 96539 -92714 25550 77283 38442 
38985 -63065 50797 -11774 6086 -77205 -36998 -16683 -55286 -66455 
-64964 66620 25550 -27205 36795 -13504 -36698 -34622 76937 45897 
6043 59572 -12731 70277 40400 -34249 -22424 5074 -25501 72003 
-91515 -13986 -65819 85960 82691 84972 -88871 72314 -85462 -50042 
-44235 32725 -47407 21255 -6008 76734 -39479 77635 -48421 -76892 
49748 14687 11246 30765 -65931 -36058 55487 -35761 -16563 28870 
-16827 -41755 84023 -51417 4503 -69068 92313 -33245 -3053 33717 
86038 71267 85006 5575 74089 19698 -98360 -61063 -16338 31771 
-38042 68972 31831 3529 -77317 24368 56304 -76439 7401 -22601 
60666 -87202 14316 7157 -89126 -71203 -89429 91651 58224 -94526 
-49023 64394 -49597 -62594 31700 -67926 -89738 -37440 -18489 7876 
-33455 -86962 -76304 5742 -93313 -6598 35698 20581 93182 51852 
-7665 65802 -63486 45972 9199 95740 85716 90762 -46645 -60592 
98525 58900 24047 -32064 -16118 39858 -69930 10924 -61502 45761 
-36699 -81200 -70914 -12095 -81924 85997 -8183 27811 -65787 6905 
-75327 -48830 98643 32371 -66733 18324 -45843 -78961 36889 10856 
-29611 -23035 88299 -7863 28085 -4289 -75754 -42173 -4457 -45287 
-53818 70973 76931 -19835 -65592 -46275 -87070 -93911 34955 42264 
-13586 -24707 -84234 50728 67382 71245 58080 62667 85036 -98950 
68723 -33729 -47529 77136 -56008 -95619 42975 -30849 -31829 -80759 
9783 -13590 36636 -49448 50099 47712 12490 61397 -74253 -6914 
44750 -96938 -9753 -27037 92110 -60089 -81636 -9746 98042 -54027 
-58126 -58053 -30680 -32891 37926 -53210 -68499 40469 31421 84139 
-84709 -50487 -49378 -62352 89815 90842 23335 66843 48764 16410 
-59713 67353 -14098 74904 -85158 -68526 -63046 -56743 -45583 -91932 
80454 8052 -83339 -17521 -28408 -80522 6481 54567 15913 -92536 
92682 88103 -55323 -5935 -77328 34494 -89076 -1692 45329 85365 
-84495 86960 20812 -71306 -22373 -7303 56159 -48627 27638 -92513 
88967 -20329 -53359 22036 -85100 -8483 -33669 87522 -77041 94254 
65796 36609 -46353 -44222 -16079 -13928 68435 -98785 61022 -98572 
48668 -97102 67976 69079 70759 -87779 33351 -80590 82131 -74265 
19282 45894 -78869 42521 26839 -75607 38492 10312 -73509 -67893 
-94858 548 45182 59966 7581 -86377 -43960 94064 2117 38152 
72549 171 -80370 69140 -40309 -23342 21785 -84697 -65817 14793 
90359 -71812 -33420 -29038 -50860 4941 -34284 -82617 -60997 -24875 
-73538 -82229 -61271 59730 -28816 -14566 -50364 29768 48176 15089 
24404 52327 99344 8740 -40074 28921 95982 -68397 -66854 42749 
2151 43806 -51036 67889 44030 11640 -15390 -86389 4077 -3448 
-95632 -44040 57582 -21386 -27471 -42754 -75699 -66007 -39612 27973 
18417 -82406 -58980 99974 26993 -68238 9215 87337 -82341 -33614 
58121 71768 28451 52686 37468 -7307 46085 -43507 61483 -78062 
-1452 90959 8404 -12641 99500 -47895 -32216 -46250 -46220 -81223 
57822 53529 -25419 43415 74712 94875 -94567 64547 -59112 39551 
-75354 76162 52286 -60667 37228 -77042 63976 32171 57680 88236 
13526 20763 -61791 -21304 60663 -73268 1295 -98651 38919 67548 